X: -0.193167, Y: -0.110667  
X: -0.582111, Y: -0.355556  
X: 0.602778, Y: -0.691556  
X: 0.092889, Y: -0.107778  
