X: -0.2525, Y: -0.111333  
X: 0.085111, Y: -0.111333  
X: 0.1165, Y: -0.760222  
X: -0.567833, Y: -0.496889  
